%IoTScenario Sensor Samples
%Record Begin: 2017-05-11 16:07:50
%Record End: 2017-05-11 16:08:09
samples = [ 2.72814,7.43675,9.51584,5.57625,1.8891,1.77197,4.13338,9.30985,5.59615,7.4917,1.99358,1.93381,1.60485];