%IoTScenario Sensor Samples
%Record Begin: 2017-05-01 22:48:49
%Record End: 2017-05-01 23:02:27
samples = [ 6.53005,1.63573,9.12351,1.9822,5.02859,9.43293,2.45518,1.00084,4.48283,5.71331,6.96784,3.96963,5.02806,1.76863,7.30847,8.11181,1.40209,3.23987,7.19968,7.02534,2.7268,1.15719,3.3093,4.88741,1.48296,9.65544,2.04665,3.54812,7.83655,7.15719,5.68234,1.04637,1.86612,4.07797,6.48087,5.26457,2.94486,3.5306,5.4123,9.0031,7.77871,4.42475,8.13773,4.07597,2.98149,1.07769,7.84785,9.53145,2.50433,8.68842,5.48548,8.04803,5.33887,5.11522,4.5982,6.28812,2.17864,7.68726,4.93821,9.18524,2.83305,1.92855,9.00061,2.43486,7.78905,4.03993,2.4075,2.25743,3.50837,8.23868,6.72252,4.79946,6.53829,2.42787,9.80867,8.60697,4.13802,7.73609,1.30079,4.18647,4.61374,6.19577,2.28366,9.85075,8.24681,6.79298,8.57914,5.16245,2.10344,8.84215,6.92079,2.47766,2.03678,8.1453,5.54991,2.76785,6.77268,7.42413,5.03458,6.18278,3.7853,1.4284,5.1407,7.11061,4.70709,4.31089,4.19503,4.63222,2.71358,1.76529,9.54802,2.64819,4.48819,6.35358,8.00628,5.2548,1.85154,9.64077,6.78028,1.41141,5.12301,9.54862,5.64558,2.56564,7.77746,8.94948,1.48114,5.92909,6.22609,8.75995,4.62639,5.51593,6.91595,1.72958,6.02864,2.3176,4.16669,7.45645,8.75496,6.32107,9.40004,2.99929,7.59392,9.83483,9.90448,6.20618,5.02673,9.34882,5.98617,9.93171,2.21854,8.59648,3.91186,3.28605,7.08316,7.93043,2.74202,8.84074,6.70683,2.15145,9.25017,9.44041,4.81317,7.61698,9.45928,1.55507,6.44228,6.24432,4.2729,8.49097,5.32469,2.91255,1.36652,3.1653,8.38249,3.41398,1.89883,3.15963,8.99906,1.11758,8.71161,6.63153,9.66116,9.06961,9.88571,9.05733,2.55032,1.17554,5.65884,6.41151,4.56891,9.70236,4.0501,3.22176,2.95893,2.10393,6.90411,7.68564,3.40696,9.25597,5.85968,3.14966,6.87165,5.44478,9.92562,1.25157,2.96074,7.20153,6.7815,1.91324,9.42577,2.27481,2.5951,6.36238,2.93247,8.0823,7.68084,7.06224,5.51695,8.85417,5.15442,9.16675,8.04704,4.06896,1.15067,5.98549,1.04239,4.02645,6.67176,7.76081,1.74447,5.84864,8.07761,9.45795,1.98086,9.39423,4.934,5.92479,9.38105,5.59005,4.39199,4.26669,7.78726,2.2283,6.25667,6.65672,6.44852,5.54803,4.66103,3.69949,9.89132,5.21785,5.56266,5.57122,1.41199,8.56122,4.36663,7.52283,9.04695,9.66908,4.093,7.1424,7.76404,2.7211,1.61536,6.66627,9.41461,3.59663,8.8266,3.01114,6.19168,7.33006,3.30846,3.86268,4.6136,7.31856,8.20089,4.38043,4.58312,8.81996,5.57798,3.79654,2.31151,9.91052,3.20751,7.92897,3.32986,2.73224,9.6841,5.05285,2.50301,1.63442,2.58997,3.9068,5.57157,3.56059,7.53553,5.58783,7.6023,4.66193,6.50601,4.34117,6.74748,2.65089,2.38743,4.89404,3.75035,2.9085,9.90174,6.26341,4.07069,4.9481,6.40204,2.57086,6.95464,4.36054,3.82171,4.17891,3.00247,9.65481,6.33824,3.0412,5.20068,1.42453,1.10975,5.92181,2.82908,3.15019,4.34243,4.92389,4.43478,6.2181,2.06599,6.66476,7.86446,7.19099,8.63958,4.10136,6.86242,2.27897,6.66743,3.19569,6.25436,7.23345,4.21626,9.12094,1.27991,2.66798,7.24626,2.88195,3.6739,8.90579,3.20493,3.84387,5.80226,9.55566,2.29912,8.18604,4.77242,8.8148,4.0222,4.01737,1.22789,2.68387,1.01905,7.06134,4.76066,3.93243,4.813,8.34503,8.76782,3.37729,8.86689,7.12654,8.48825,1.37082,1.03651,3.05271,1.06486,9.73884,1.27621,2.23761,7.49386,7.84175,5.17722,2.39736,7.61486,7.32718,8.73861,2.80838,9.99858,4.65853,2.29382,6.22889,6.20408,2.02803,8.7926,8.32571,7.78682,7.20322,4.6284,2.09278,2.32872,7.49886,2.33599,5.7805,5.96628,7.28492,1.28993,9.30363,9.96338,1.00121,4.33849,1.89984,9.30488,6.46077,8.18456,7.5633,3.22025,8.25036,5.97402,5.06444,6.74694,8.92928,3.13865,6.41987,3.70291,2.86864,3.20313,7.15736,1.94075,7.22863,6.345,2.14617,7.02276,3.88494,3.66741,9.43949,7.69387,8.65578,4.14519,9.80956,9.31187,1.57028,2.94905,1.87552,5.22741,3.27438,6.18737,2.51489,9.05423,6.49005,5.8667,6.6877,9.55922,3.91204,6.36877,1.94486,6.93568,9.65014,2.06047,6.93977,8.98634,2.95275,9.89025,2.36166,5.72517,2.18881,3.73801,5.33468,4.0786,7.40257,6.67844,8.65271,4.73038,1.29422,2.26066,1.49804,5.61944,9.2728,2.47626,3.17748,7.64909,4.6853,3.85353,5.0725,4.01331,3.41046,1.72692,1.77167,5.50923,4.76991,7.82499,1.86148,6.89344,8.9499,8.57441,6.88457,8.46712,6.99213,5.13155,5.07262,2.49897,7.76967,1.68483,5.82837,6.27377,9.59248,2.51376,1.338,6.96088,7.77693,9.18671,5.98144,5.74829,5.53506,1.03566,9.06086,4.40795,2.4485,7.30364,7.47463,8.30985,3.86541,7.003,8.50573,1.50378,5.18394,7.48274,8.93717,6.55287,8.99622,9.95407,6.57163,7.14769,6.19281,8.79581,6.97666,3.82459,9.64981,1.04639,5.7347,9.36163,7.0099,3.48587];